RK4 Coupled
x(0) = 1
x(0.2) = 2.12037
x(0.4) = 4.44123
x(0.6) = 9.73913
x(0.8) = 22.6766
x(1) = 55.6612

y(0) = 1
y(0.2) = 2.12501
y(0.4) = 4.46512
y(0.6) = 9.83236
y(0.8) = 23.0026
y(1) = 56.7375
