y_{i + 1}(0) = 0
k1 = 0
k2 = 0.005
k3 = 0.00525
k4 = 0.010525
y_{i + 1}(0.1) = 0.00517083

k1 = 0.0105171
k2 = 0.0160429
k3 = 0.0163192
k4 = 0.022149
y_{i + 1}(0.2) = 0.0214026

k1 = 0.0221403
k2 = 0.0282473
k3 = 0.0285526
k4 = 0.0349955
y_{i + 1}(0.3) = 0.0498585

k1 = 0.0349858
k2 = 0.0417351
k3 = 0.0420726
k4 = 0.0491931
y_{i + 1}(0.4) = 0.0918242

k1 = 0.0491824
k2 = 0.0566415
k3 = 0.0570145
k4 = 0.0648839
y_{i + 1}(0.5) = 0.148721

y(0) = 0
y(0.1) = 0.00517092
y(0.2) = 0.0214028
y(0.3) = 0.0498588
y(0.4) = 0.0918247
y(0.5) = 0.148721
