Improved Euler's Method
y(0) = 0
y bar = 0
y(0.1) = 0.005

y bar = 0.0155
y(0.2) = 0.021025

y bar = 0.0431275
y(0.3) = 0.0492326

y bar = 0.0841559
y(0.4) = 0.0909021

y bar = 0.139992
y(0.5) = 0.147447


y(0) = 0
y(0.1) = 0.00517092
y(0.2) = 0.0214028
y(0.3) = 0.0498588
y(0.4) = 0.0918247
y(0.5) = 0.148721
