y(0) = 0
y(0.1) = 0.005
y(0.2) = 0.02075 +- 0.01
y(0.3) = 0.0486125 +- 0.01
y(0.4) = 0.0898669 +- 0.01
y(0.5) = 0.145916 +- 0.01

y(0) = 0
y(0.1) = 0.00517092
y(0.2) = 0.0214028
y(0.3) = 0.0498588
y(0.4) = 0.0918247
y(0.5) = 0.148721
