Adams-Moulton Three Step
y(0) = 0
y(0.1) = 0.005
y(0.2) = 0.02
y(0.4) = 0.0863979 +- 1e-05
y(0.5) = 0.142747 +- 1e-05

y(0) = 0
y(0.1) = 0.00517092
y(0.2) = 0.0214028
y(0.3) = 0.0498588
y(0.4) = 0.0918247
y(0.5) = 0.148721
